Categories, 1, 2, 3, 4, 5, 6, 7, 8, 9, 10, 11, 12, 13, 14, 15, 16, 17, 18, 19, 20, 21, 22, 23, 24, 25
Series 1, 0.548150013131728, 0.547110363463944, 0.557573719700298, 0.459379299088915, 0.392166914236882, 0.475169505887022, 0.490928465171934, 0.516172453669844, 0.763144234146089, 0.689234512566441, 0.692624573970289, 0.664327002434765, 0.793780361042179, 0.74691690453674, 0.698887258214093, 0.804620117052492, 0.803858204958762, 0.802658806582683, 0.794031950902673, 0.776477487282275, 0.793733437738067, 0.814504378543356, 0.779091144693645, 0.793648235068744, 0.848030096086619, 0.816670405532199
Series 2, 1.46426747632588, 0.774836530301345, 0.771304922735397, 0.791132020372633, 0.749367490420852, 0.8805506193011, 0.868698024801579, 0.763756332805018, 0.765974250090161, 0.75783465045744, 0.690616738246532, 0.651864194227901, 0.607366918030739, 0.63083102695402, 0.638304259130404, 0.778393016040642, 0.828926360063599, 0.873123020428258, 0.921429985650731, 0.883865329846646, 0.970637441150814, 1.04989884341064, 1.00749420412958, 0.978108720126926, 1.01885118026272, 1.03335478592254, 1.04406269647943, 1.0198537320185, 1.01831254027222, 0.985491409384084, 1.00494426687146, 0.979467479623868
Series 3, 0.836358704006342, 0.958446456914445, 0.974303998295647, 0.889630948660661, 1.2365706131714, 1.17680504787857, 1.13111619675901, 1.00145009713551, 0.981578964895724, 0.954373915743508, 1.06702798561475, 1.02795652435233, 0.958013284537354, 0.892269578596874, 0.887228453030072, 0.904735460827789, 0.969839678504172, 0.927558091938496, 0.893104442811882, 0.975478845880908, 0.978664664007711, 0.987545469130425, 0.989868537794853, 0.977868351458307, 0.966209559885258, 0.942126989115373, 0.921028936173749, 0.900592155461053, 0.890688674255864, 0.883303597830124, 0.921354409492295, 1.01827274726845, 1.01175541821538, 0.982092852870997, 0.972280113169315, 0.972521809390079
Series 4, 0.711092866700704, 1.35782621329947, 0.921068858148038, 0.884771894804569, 1.08009355034998, 0.903794686050109, 1.11882505725258, 1.08298793620128, 0.96863023138875, 0.895514158326754, 0.814710820172827, 0.798951663041889, 0.866292021376614, 0.960959669520574, 0.957783924912628, 1.00732453900148, 1.08975086343094, 1.14923366267175, 1.20311354314432, 1.14355087472752, 1.10370269932271, 1.10180206600112, 1.11691132866615, 1.16261721113995, 1.24392472010742, 1.24245777561347, 1.22357377284663, 1.18178699464084, 1.16900141722026, 1.14000071502217, 1.12957708724808, 1.09929522871462, 1.11144793383973
Series 5, 2.25064786270012, 1.38944274084866, 1.31297561891395, 1.14800599102402, 0.965428985305606, 0.967606047665579, 1.1472201658975, 1.07523775207744, 1.04065461316437, 1.16858120841209, 1.08558739183619, 1.11709993928501, 1.04127773377098, 1.00566132213326, 1.00393342894034, 1.08137182038765, 1.08220595229085, 1.0547815221997, 1.0045909211695, 0.95452222602656, 0.943461583464655, 0.904704965177001
Series 6, 2.36138254850076, 2.50597070050276, 1.87337165392044, 1.48011478571318, 1.55433955182959, 1.31204322662891, 1.62952202129013, 1.44230187734662, 1.37037409464769, 1.58112302782497, 1.45992672060609, 1.4686870123132, 1.48653866985989, 1.40542935091157, 1.35278929356422, 1.39213433464953, 1.35500066445484, 1.31854144785483, 1.31618730802213, 1.29391128366816, 1.30811393798968, 1.27522600796522, 1.2471883529738, 1.2712619584429
Series 7, 0.00569202359488416, 0.430718671300183, 0.452443538821676, 0.616271097841359, 0.809518996857155, 0.690512142908679, 0.646350885078269, 0.621102461899159, 0.591422849650261, 0.721640289024527, 0.794794603008994, 0.863746414759307, 0.850901284235661, 0.958378638921361, 0.992282210245042, 0.945092032692073, 0.895886682827449, 0.864589496407093, 0.839571096528111, 0.904539178958756, 0.881210483911849, 0.853134061266026, 0.900017296900473, 0.910856529272848, 1.02823218048389, 1.01028669409713, 0.998781546939368, 1.02884688483424, 1.00495428590962, 0.993925168131676, 0.963020782971012, 1.01729758998048
Series 8, 0.404967385127124, 0.367479165662744, 0.737497962890795, 0.556807439098362, 0.728077269692451, 0.793256070197898, 0.721986073293949, 0.798232084106394, 0.723626608902144, 0.685811385035225, 0.649735017899561, 0.600350887782286, 0.562426961589703, 0.634216965987609, 0.592778628012125, 0.567304300861905, 0.563849135978166, 0.558612596585735, 0.559413505178721, 0.661545644640782, 0.691135566831692, 0.741112134502654, 0.736593853402465, 0.728908349088658, 0.723949288153547, 0.699815838311679, 0.752154960652515, 0.823135770778563, 0.80681871900923, 0.788784631444278, 0.765028210868205, 0.757050648973314, 0.768970754806761, 0.762055860507989, 0.756624010807659
Series 9, 1.82791636701085, 0.934048483096696, 0.739323881766824, 1.03295785759989, 0.943631621086938, 1.07264065564478, 1.43508978868246, 1.31650729903396, 1.24702264456601, 1.3082246771699, 1.20022056839498, 1.19202510756073, 1.23146633903943, 1.22034548251184, 1.15409501387115, 1.09393605800084, 1.03964624935504, 1.00653129764531, 0.981351927441227, 0.976447731373836, 0.946008808521244, 0.940204089312166, 0.984381528965156, 0.944666704471486, 0.91804375126415, 0.905277285193872, 0.911456773390163, 0.883786620189286, 0.867389224704389, 0.882441132015007, 0.858254945633799, 0.891676532671836, 0.866141374381821, 0.875856315003708, 0.882749958927289
Series 10, 1.37658373776155, 1.04703032804214, 0.84330709183462, 1.07912946095922, 1.08061513314583, 0.988010406950195, 1.01057598483989, 1.09261727510715, 0.97211333120491, 0.893963005497871, 0.968053024422268, 0.91826530507296, 1.06259827774215, 1.20440800177, 1.1295957216021, 1.07597353598901, 1.10023590091883, 1.12251484350708, 1.09834627299367, 1.07332437089971, 1.04892539881507, 1.02241603974136, 0.983360152091907, 1.01220540056697, 0.983833905536905, 0.99173839589889, 0.975269223012841, 1.23932086130225, 1.20753976426954, 1.24270328786546, 1.25400102846198, 1.2281267786884, 1.21124763173042, 1.19565216720509, 1.16659393120976, 1.13464728438066, 1.1510459219175, 1.13620956225411, 1.11683466976659, 1.0967323671198, 1.08575873526161, 1.09721344142827, 1.08303623052482, 1.05877092963045, 1.06689299139871, 1.05524033936598
Series 11, 0.260543017448103, 0.672281665782461, 0.582130617435901, 0.714900737232165, 0.641826741074665, 0.768686818462345, 0.879152212814221, 0.787590211351232, 0.965288833170292, 0.908747420828684, 1.24324063691092, 1.21035253358294, 1.2351592902748, 1.18264257511349, 1.14012343640217, 1.09267044698984, 1.05393178710088, 1.04447466485978, 0.991870981661929, 0.951662961533605, 0.935823377760272, 0.999543599078327, 0.978077995678106, 1.19161326630587, 1.1768602413053
Series 12, 0.680487737307427, 0.396838196928848, 0.522236194285071, 0.630424732980811, 0.756739670677199, 0.76971327133232, 0.808412765040188, 0.739682997896183, 0.688459753040336, 0.698006325521613, 0.68042380773049, 0.626037575715994, 0.867370167113599, 0.865666394070322, 0.890225244882811, 0.909623475395911, 0.878700644851599, 0.83113249876303, 0.787746227170856, 0.75228285804191, 0.741614264203331, 0.728885869754046, 0.724356526572724, 0.804994553966825, 0.828696055569033, 0.808027448479058, 0.893763466313535, 0.864072254350521, 0.888528508789646, 0.879634109208999, 0.853926995514153, 0.851191883650289, 0.839493065633207, 0.84711353027418, 0.826711655125999, 0.81877590746515, 0.822949653480845, 0.823083407124386, 0.80338865960277, 0.796641687214822
Series 13, 3.43087823413697, 2.39960099213686, 2.04354802493764, 1.92291334777825, 1.58237043741816, 1.36626841113013, 1.39626700201689, 1.3049855684021, 1.41544851060345, 1.36766103228879, 1.36758363960102, 1.2754038315358, 1.33386372187926, 1.36811493272794, 1.34492628025179, 1.28462747986662, 1.2153766060513, 1.16304878933841, 1.20589613873645, 1.25102910112864, 1.19388839166399, 1.16951121691681, 1.40707139689774, 1.40160018998566, 1.51515879459636, 1.46408995305861, 1.41344433333702, 1.39816228108353, 1.40680177774574, 1.36260890608046
Series 14, 0.451475747801984, 0.575075752356584, 0.634072937350901, 0.676199514098513, 0.831233777943558, 0.702167572345626, 0.659510018505309, 0.739689565200309, 0.750808614418101, 0.688863023333203, 0.696250927990785, 0.728206684361247, 0.773299015840315, 0.745433920971048, 0.737916052696528, 0.861376520655089, 0.824130936769004, 0.891995197404541, 0.852390071528755, 0.854916617938771, 0.822895902820903, 0.801476980452335, 0.922191836702116, 0.950591929753476, 0.925616735536994, 0.911097717286003, 0.879239521224342, 0.873878231105573, 0.851585603699278, 0.840158552180557, 0.84140025100502, 0.817667644988961, 0.812695322518213, 0.799197822210532, 0.803391530658594, 0.789795836148152, 0.799890612228146, 0.838468188023557
Series 15, 0.235178212239612, 1.08816863889523, 1.43070170908256, 1.13127440324259, 0.963854407021856, 1.29289225399375, 1.11777358369709, 1.12036708745188, 1.05149095564369, 1.15389170471668, 1.05729379135315, 0.973693303432961, 0.92394008983655, 0.937015786022178, 0.921226915424025, 0.922074488900863, 1.07431322336459, 1.01979659618577, 1.15381500143146, 1.15037599569692, 1.17093110090784, 1.23179431204101, 1.18547885651044, 1.1509524651432, 1.13219604733873, 1.10608873269564, 1.09470484219623, 1.11638930942311, 1.08947792957236, 1.13460655298498, 1.12095541835994, 1.09236754209653, 1.07128234779958, 1.07064337444494
Series 16, 0.168118457019045, 0.318522286360368, 0.495798578075176, 0.469107662217631, 0.932249654557058, 0.847812986053846, 0.883595518073611, 0.917790984375932, 0.832672555076922, 0.761443647318309, 0.734564055356287, 0.720271110502174, 0.717634705514819, 0.70690089465329, 0.735498458643235, 0.69643947460571, 0.74888440146638, 0.790259546673636, 0.785083022698908, 0.770409390988493, 0.779760816717621, 0.79532101727163, 0.835081338981087, 0.812883016001874, 0.793611056228079, 0.851182203519744, 0.841801898884931, 0.844205420195537, 0.819683100342998, 0.805949333566712, 0.897989067993794, 0.90477170200485, 0.897418267991952, 0.879095085998789
Series 17, 0.494911413665482, 1.42206383378808, 1.5058638842204, 1.39538659723649, 1.2352782205639, 1.05467803646806, 0.986336090679591, 0.893287529229661, 0.982921014820885, 1.03494593731122, 1.03943901636384, 0.957934488123073, 0.888524746514498, 0.838684141499287, 0.809615304101823, 0.791934557454992, 0.824524534956681, 0.885222008017933, 0.853524495194801, 0.81769877866517, 0.784787654735304, 0.756363614718094, 0.771394333147929, 0.740266489419193, 0.754600046810575, 0.737609370804728, 0.848611768031097, 0.866543619836643, 0.858977122357535, 0.843684920963459, 0.844058707152635, 0.818336251859366
Series 18, 1.31684953396129, 2.44346489663682, 1.76434592834067, 1.65983261906866, 1.3449076530609, 1.1275230181307, 1.2019800277016, 1.10480598638069, 0.988096182036296, 0.998368454263018, 0.917498632730196, 0.893838546851551, 0.827356433644523, 0.814211718882525, 0.807453562312464, 0.75878998058111, 0.722087561218055, 0.776546386318523, 0.752657348575072, 0.738874624688202, 0.720704370892503, 0.737118434668709, 0.731185406552483, 0.769622695491946, 0.757722315197548, 0.731667280963538, 0.778459773616392, 0.769246320778591, 0.757941268115859, 0.734938521492556
Series 19, 1.03603848949256, 0.605619911890269, 1.82842643144706, 1.60024043675312, 1.37977732990377, 1.1581700284484, 1.09506418630342, 1.15931330250412, 1.16055411212939, 1.12420842992719, 1.03982625497907, 1.09514275689438, 1.06612304373994, 1.0045346247191, 0.979682342077256, 0.973662082655394, 0.947915066984029, 0.919846327764668, 0.8752447896232, 0.833744186051821, 0.847546044542045, 0.904526022913075, 0.910297836564977, 0.902933034243865, 0.974431773613375, 0.937595375577022, 0.973599722312697
Series 20, 0.964896759224576, 0.4864382893404, 0.329336862917501, 0.270142422090178, 0.263915714867833, 0.248203055588721, 0.500029085674902, 0.466855204012758, 0.438704872179946, 0.53097299523142, 0.494556003903193, 0.516331125118446, 0.54481664326798, 0.509960515106049, 0.503585243927487, 0.525128205198598, 0.584204594263194, 0.5602456810138, 0.609779070624793, 0.597374916402738, 0.600199715441844, 0.667655434788179, 0.67432812820333, 0.723784077761931, 0.778169748013934, 0.777691375312108, 0.755308756909756, 0.777963171648093, 0.753937966057146, 0.730385836602157, 0.717001132712465, 0.707564272437992, 0.727514979698597, 0.762333440476647, 0.764947362503989, 0.767717040050099, 0.747941600610882, 0.730388690836938, 0.724388710219549, 0.718392191515692
Series 21, 0.207744166106001, 0.748479371910633, 1.06973642536162, 1.05151973377574, 0.844538493802217, 1.13219757061691, 0.997956098159623, 0.874860089277531, 0.847892764231199, 0.937844228686335, 0.899732199577979, 1.04144969403324, 1.00043932367361, 0.98366779603838, 0.975576614812745, 0.958094830384772, 1.01283641483973, 0.980597287507539, 0.996227620003091, 1.04706872045658, 1.01072860637284, 1.04288189067806, 1.00748929743137, 1.00254423617664, 0.977589887192018, 0.95467497481438, 0.98084435523478, 0.979278981013681, 0.958308454123106, 1.01490526877969, 1.03397290828029, 1.04886176804348, 1.02485161517244
Series 22, 2.4294277012964, 3.22614260671918, 2.23294350561912, 1.69074525489038, 1.99962267754686, 2.03672178185238, 1.98099838478711, 2.04104789269745, 1.9720801416771, 1.81314798208508, 1.81626292489611, 1.70675815690181, 1.67677128065958, 1.58040627704244, 1.59534345665245, 1.6389895547164, 1.55675416343364, 1.52621856256645, 1.56727017581801, 1.49509858332865, 1.46909061446398, 1.44534740739645, 1.4076161427234, 1.36742977664155, 1.35958922996378, 1.40355442311048, 1.35820637703101, 1.36432674293789, 1.36452364917834
Series 23, 0.757182456059265, 0.81490337348468, 0.695848490510957, 0.661794048604346, 0.625535567697657, 0.573055603980065, 0.49408410883678, 0.481660449829086, 0.491599128693659, 0.473127511481072, 0.453197596888435, 0.505723583062707, 0.555997063847264, 0.60450069790093, 0.754550508445344, 0.824104902491896, 0.82721644165846, 0.795254284782612, 0.761386415285675, 0.736215774260398, 0.772883583681408, 0.764742797802101, 0.74832179617756, 0.726947328185437, 0.782398562589954, 0.755844312095448, 0.748873259831529, 0.72845694015113, 0.719020793730262, 0.728107116214506, 0.758294523192511, 0.767084063975916, 0.749140190795958, 0.733039588251228, 0.716640431691503, 0.756843071905677, 0.772920584459652, 0.765642997641503
Series 24, 0.241157916903872, 0.209866137512077, 0.575312212582892, 0.628842426472899, 1.02187899961137, 0.993694991224582, 0.964363475011804, 0.910315202669261, 0.928216179848362, 0.853023136460701, 0.891557095762771, 0.847375007850414, 0.853504548281735, 0.938898246341413, 0.935100705235255, 0.886613648425182, 0.913537177957044, 0.925001155443935, 0.891670380725329, 0.93497885236868, 0.998844226709393, 1.011730499839, 1.06216010499868, 1.05868268644986, 1.030038736473, 1.0377853661928, 1.05989824152878, 1.05318858059638, 1.03332609212216, 1.02276022017077, 1.05954123215769, 1.09951174899239, 1.08678630563476, 1.07124298306929, 1.04561163884835, 1.06625442689213, 1.03804282875181, 1.01135038922934, 1.00027548956795, 1.00801021405878, 1.00687788628781, 0.988096927655034, 0.966019791121352, 0.945466167229441
Series 25, 3.82299050062196, 3.14340863296735, 2.22431309902691, 1.75052462426303, 1.66683765057745, 1.83980332082759, 1.83704488923325, 1.69382708611564, 1.51519048381565, 1.51636367483255, 1.3994692474171, 1.3443887604411, 1.24878763684227, 1.22443054321981, 1.18159851180612, 1.14465153104899, 1.10159478175769, 1.04442845421425, 1.03129555462432, 1.04033103444926, 1.0491473409828, 1.06984600387563, 1.02868654400423, 0.998964080887071, 1.00883972930928, 0.974974545186648, 1.02589961154165, 1.02590485640244, 1.02714949977082, 1.01158728335806, 0.982727189054125, 1.08035605339907, 1.0829691635118, 1.09268245608184, 1.09655726616205, 1.12576492892813, 1.14114657784646, 1.11668024328895
Series 26, 0.66835568717275, 0.838397383009085, 1.00826936742849, 1.10658441866826, 1.04198133721987, 1.01604833912206, 0.883284075082235, 0.775872537924078, 0.97545069788651, 1.08533526976946, 1.00172847532822, 0.928948298543079, 0.944253035960558, 0.88373102971118, 0.860526032543263, 0.849585141862854, 0.813017915643593, 0.782609939727193, 0.914385312998267, 0.95514053912077, 0.95640789829172, 0.980497430084247, 1.00812593075445, 1.03442948403614, 1.03713674432881, 0.999582107569211, 0.975473011591267, 0.961056339630571, 0.938643706419567, 0.926168300567818, 0.911554399628146, 0.929459629365052, 0.929148675530037, 0.91516871026328, 0.950239525080151, 0.95396748706727, 0.999082734538856, 0.996393530910623, 0.980904042349021, 0.996582848020937
Series 27, 0, 0.243504947045188, 0.388677833955136, 0.520298766799077, 0.472643204414761, 0.545640224315689, 0.555671385124476, 0.613187294438517, 0.688364542099427, 0.657987293072783, 0.628706577282585, 0.649247869110475, 0.80425895899833, 0.746811890498449, 0.752702935139693, 0.80212315058579, 0.75945160165033, 0.983040920645084, 0.989976718432133, 1.02089199903073, 0.997271097247657, 0.954538509023896, 0.930818398151777, 1.01103545099368, 1.03095417586875, 1.00306833460509, 0.987954598100719, 0.969445843727764, 0.963444801060806
Series 28, 0.374334807502803, 0.282507872354031, 0.479168735640569, 0.552503314247551, 0.507941544176769, 0.893247421322533, 0.825598589365578, 0.750908118663164, 1.19030111135833, 1.20670015144027, 1.31899616792414, 1.51107381720573, 1.39561181460014, 1.56935691198416, 1.73486894667303, 1.69242433159779, 1.59660095041457, 1.51622606020887, 1.44777177838086, 1.40530164588258, 1.45447325120954, 1.42182220888446, 1.42960988046089, 1.42715571758515, 1.3828715213516, 1.38431317541307, 1.38735014852701, 1.34339617786848
Series 29, 0.12525045716635, 0.0883459242850849, 0.345099707145303, 0.53401626403246, 0.43813211846148, 0.470175219330452, 0.404093162210942, 0.362812676143305, 0.51883437450477, 0.489466591625656, 0.454834900559435, 0.477692976361645, 0.501437641829138, 0.48997645982663, 0.473943028929547, 0.492977855568305, 0.488640842087752, 0.504432990629485, 0.507423447857613, 0.516915656051559, 0.536879130512609, 0.513919151914259, 0.507242140550138, 0.50183657840502, 0.504851257630927, 0.526631547238896, 0.508679677390978, 0.510835785413159, 0.499519244507885, 0.498437246092412, 0.504290322013868, 0.551878289928324, 0.564261612309966, 0.550202906649452, 0.537709184387869
Series 30, 0.837742234317675, 1.25838760760714, 0.8982816694069, 1.28521483051422, 1.21909647626273, 1.06554274306451, 0.993374210376402, 0.912480959392204, 0.820162368070437, 0.757141268753055, 0.742404047806637, 0.694282169843863, 0.666596643282356, 0.639759968965521, 0.843817559249829, 0.864546584195983, 0.93046697678157, 0.96390921520638, 0.9490017363439, 0.921227048544928, 0.950528992287299, 0.916147117586931, 0.90851619531755, 0.920463397342689, 0.953526488402858, 1.01201064953484, 1.01934243186313, 1.08805631598339, 1.12243054958615
Series 31, 3.0385109385055, 1.77046275458985, 1.60049028826305, 1.31367159794108, 1.20357947763424, 1.01593618776114, 1.02440859638161, 1.0499544961776, 1.20093685167256, 1.22283661014627, 1.20632250032027, 1.23934412077222, 1.306093816364, 1.29820122110525, 1.27393038810086, 1.292946978464, 1.28602272673542, 1.21711585275601, 1.19252990831326, 1.14434863351778, 1.11676537680739, 1.08273954765509, 1.06002347669764, 1.0533753171696
Series 32, 1.88848961866117, 1.26184662853724, 1.03141337440076, 0.903885128179296, 0.860184562569841, 0.924327852684824, 0.975649433776368, 1.17226431899798, 1.15240484283132, 1.05967467111446, 1.00623414185717, 0.926769557325673, 0.954637505426334, 1.06202419601976, 1.03464147596521, 1.15018727458243, 1.26952464315515, 1.20520230053675, 1.18171894359414, 1.23630155761844, 1.17889008066553, 1.2311788938767, 1.20128268498344, 1.2122015332645, 1.16707992698337, 1.19571593095797, 1.2133874846191, 1.21522515412283, 1.23719445835361, 1.25352457561447, 1.2278961376579, 1.20319974171826, 1.17136095158543, 1.13927022999858
Series 33, 0.204994808835174, 1.3135619030109, 0.886212564791614, 0.680091472760545, 0.80082414495995, 1.05314492008881, 1.00685483432814, 1.00116915712803, 0.892540297624345, 0.915732087475115, 0.895806579557144, 0.824115175744741, 0.862467640363166, 0.849534210413326, 0.828740303057835, 0.806824995691569, 0.799122596832759, 0.755102138143992, 0.756740402578378, 0.750968007061857, 0.726411803120077, 0.783330001008935, 0.777841468576888, 0.757776927354367, 0.744544096044279, 0.72693160515382, 0.739564354118528, 0.715311667340562, 0.759800499170802, 0.755032673802073
Series 34, 1.73465485812062, 1.10749171019991, 0.856450186340425, 0.674917139232508, 0.591211655379103, 0.557817990661469, 0.581656863880505, 0.612788735916258, 0.599131165172092, 0.593936244684669, 0.592075136798673, 0.773574559717202, 0.760258275475939, 0.855457376635302, 0.825516580701289, 0.783389611202273, 0.740813377701079, 0.700455849631051, 0.679391581853082, 0.802278412981241, 0.768827123730943, 0.773656214817027, 0.799463497217348, 0.81159376109625, 0.781202674748936, 0.782014403402616, 0.790484888571841, 0.764187337651895, 0.785300326646795, 0.839988306288209, 0.834698759990527, 0.823396132053796, 0.818714975254196, 0.798616081958325, 0.812137822732659, 0.792810270313371, 0.771799911456554, 0.753387915586223, 0.742069955558333, 0.766834814642678
Series 35, 0.496204335144675, 0.811971709334755, 0.78556523735717, 0.616531828749456, 0.61504132184912, 0.771707634503516, 0.710059851227767, 0.740509689324676, 0.798216684418203, 0.825292072343266, 0.758594895866167, 0.789706251151835, 0.729322177088258, 0.721349374975617, 0.802082677891982, 0.796788818481712, 0.785518102442503, 0.82961602105229, 0.856980103352695, 0.817196319487659, 0.842277779129822, 0.80638439484883, 0.77592607384814, 0.791626443755721, 0.781782986443505, 0.752260853707801
Series 36, 0.580029560421332, 0.314205755933851, 0.241854995727034, 0.222846261415326, 0.25956343558884, 0.463173009521639, 0.527204119023838, 0.649772142031145, 0.611100356819163, 0.557311783025448, 0.630887623816815, 0.658941313528802, 0.640623278742505, 0.666742493132989, 1.01388234257263, 0.979785201308155, 1.0398410267561, 1.04973479012683, 1.03227337639612, 1.05615223788159, 1.08168335239668, 1.03545770166307, 0.996577303480542, 0.98394682328032, 0.957116004746646
Series 37, 1.60394834920554, 0.849979185325823, 1.03270340470876, 0.81671169951332, 0.71255284628487, 0.949375981455117, 0.888208507657224, 0.912648841555581, 0.886675043681221, 1.14195176015466, 1.09330626460712, 1.21609875440701, 1.16239054162438, 1.13307671163151, 1.16796065290345, 1.10350798944588, 1.04170584165295, 1.1340479208094, 1.10373694752745, 1.05482682737119, 1.10035046112937, 1.10399340754037, 1.06668750815632, 1.02316485784459, 1.06587847590689, 1.06505361314478, 1.02602618651344, 1.03481461529648, 1.00338663605435, 0.973709490091376, 0.979338437692014, 1.00791660394077, 0.997591586934355, 1.00630827616719
Series 38, 0.946316817117064, 0.689909815772416, 1.8173497645457, 1.60012413795389, 1.39308730607679, 1.23697229366563, 1.07224967883977, 1.09490791261258, 1.18708971140563, 1.17380581005665, 1.07923785810675, 1.01911895883688, 1.07592150826109, 1.1202516022171, 1.16872322707505, 1.10723754776329, 1.11565534176243, 1.08087879067658, 1.05788469329939, 1.0354525301401, 0.996549258703948, 0.975460758064998, 0.950699085707789, 0.965449303312391, 0.960380294893768, 0.949328651686911, 0.92369287108728, 0.913842504304792, 0.920326677446676, 0.902896265763449
Series 39, 0.398496066318294, 0.514615651377863, 1.03379837005715, 0.993863931685187, 1.10054883155712, 1.15536618775008, 1.34632799390508, 1.20667186265063, 1.1211583091591, 1.01761743439033, 0.95512756147481, 0.924064216310361, 0.893489763568021, 0.923752350062394, 0.924129854410513, 1.01842179674875, 1.03305004110557, 1.00911687505807, 0.973379503824159, 0.932719300659422, 0.909847195545227, 0.957899023108027, 0.938591248948323, 0.994150201566455, 0.962925958138376, 0.980666691130789, 1.00971085830681, 1.00664939080632
Series 40, 0.373754263846181, 1.0822146457162, 0.798729258736978, 1.25984887151734, 1.13816690529342, 1.19397284746062, 1.05947426446058, 1.01767332278754, 0.938345592424247, 0.872128313964481, 0.888339195615541, 0.822767438432687, 0.761956542910611, 0.740050668143806, 0.691424344671969, 0.676829313620798, 0.685549440997277, 0.667639597895395, 0.643236442112378, 0.640285156896173, 0.624954326294868, 0.62958526377779, 0.631011179110199, 0.624568890060861, 0.607265543281908
Series 41, 1.33749827880185, 2.2612480095131, 1.51442534995628, 1.55372914607098, 1.53691437597939, 1.44684094258494, 1.50281865795838, 1.41513868355611, 1.29008552706313, 1.19551367368842, 1.17232808372653, 1.08879593002523, 1.06069989485368, 1.06847154521696, 1.11976654009796, 1.10768071581675, 1.08239445929162, 1.02957137823908, 1.03806391440353, 1.02769695797746, 0.986876990483788, 0.957922329686792, 0.934765191022125, 0.913671737078057, 0.975226321469212, 0.974539818790575, 0.993857778015427, 0.979975295754443, 0.950300168661146, 1.00145092518234, 1.08712305889907, 1.11721057173203, 1.15434467746211
Series 42, 0.434954948013402, 0.87741813522963, 0.75002267908119, 0.599022632304613, 0.602043009111265, 0.63893905384718, 0.743278776784585, 0.720940861723885, 0.650576142715698, 0.713104722456459, 0.671680669767734, 0.636570886213189, 0.611266724502946, 0.571583964371006, 0.544436725249544, 0.609208139271017, 0.642181351999112, 0.618730214234309, 0.622201089888918, 0.614712037910476, 0.601749538322427, 0.64532000708882, 0.64087283125002, 0.636493023112762, 0.635066578361906, 0.683744096329838, 0.674551349976744, 0.675708230837928, 0.685518817266845, 0.667649359447739, 0.695034807848311, 0.683854256876625, 0.693569333283599
Series 43, 0.650040946409009, 0.376321347304447, 0.978182234049704, 1.07633575570175, 0.876328437609837, 0.757222206711369, 0.758145795672496, 0.704480897388328, 0.694695947645616, 0.764623736799183, 0.733289897127554, 0.761914605217814, 0.733190076638258, 0.707224969290093, 0.734369436158565, 0.76514339757976, 0.846836752468326, 0.877235540105702, 0.852453991582623, 0.858754983873801, 0.863999831958776, 0.919616957806785, 0.879919552903371, 0.908386397624452, 0.940425737272457, 0.924738145653054, 0.901201498469649, 0.93706628924255
Series 44, 2.34197117460967, 1.84019820635252, 1.41759146502707, 1.25208523042911, 1.35618750097896, 1.15340464099352, 1.1985692715833, 1.1024914722383, 1.20328533612982, 1.30909400378135, 1.39151658843236, 1.28996848212789, 1.34863054079192, 1.37154451273052, 1.45972735027518, 1.50696802193451, 1.46322052877548, 1.43503322417034, 1.45252577743615, 1.39470090710696, 1.34685285916143, 1.36674921482621, 1.32618335285818, 1.31448320395875, 1.26833643308607, 1.2211664278622, 1.17882251557708, 1.19542608845101, 1.15550352107185, 1.1602197260119, 1.15741673682527, 1.18387499139041, 1.18704595671993, 1.19486136653903
Series 45, 0.367813071806636, 0.851157976511437, 0.594643713718846, 0.459843248658996, 0.913444107812751, 1.1174696368272, 0.978535460343676, 0.873793625991982, 0.933260721369871, 0.885295236722248, 1.01722481473922, 0.960244893032617, 0.951095285622054, 1.09055862838544, 1.06027003473958, 1.06575986310962, 1.06570047337728, 1.07984671235908, 1.07270419386331, 1.07846350621277, 1.12430230457034, 1.09215832495416, 1.04526327784626, 1.05677390157574, 1.04233785434013, 1.01062371909697, 1.04683201750818, 1.02620225644406, 1.01045603599044, 1.03982262474346, 1.06755429807367, 1.03774500012146, 1.06779906189534, 1.03926243611005, 1.01460809086246, 1.00058683129235, 0.9844696331561, 0.985405755866621, 0.977534690777197, 0.964771218037413
Series 46, 0.183887468576319, 0.549854829875661, 1.10783660061982, 0.843500532199023, 0.796206872345856, 0.837939578681358, 0.761199969125672, 0.78626495447618, 0.728063159811373, 0.767256722799892, 0.708977751878793, 0.726267985173858, 0.742644900069926, 0.839446656850421, 0.851312121566248, 0.891363373285632, 0.883090305713366, 0.857008874956381, 0.949440516777575, 0.994361572748052, 0.970259401449979, 0.993568193442238, 0.973012792059383, 1.01983546422235, 1.09515053070535, 1.06018999345867, 1.10233126509884, 1.18874590609161, 1.21937592311644, 1.19731190415579
Series 47, 0.209747269429602, 0.255602389294714, 0.251996390415013, 0.438866085000607, 0.790015141945487, 1.1725002036426, 1.16051105359111, 1.02805378332218, 1.03316088970897, 1.01179219384003, 1.07733532607038, 1.01287033605251, 0.972711132451943, 1.02979104407718, 0.971042166579218, 0.919661792155807, 0.89502526565862, 0.887462145247596, 0.889705248132981, 1.00020064044259, 0.963306434034041, 1.02159401783096, 1.03206882271631, 1.01861019732669, 0.9813623029506
Series 48, 0.841633183276634, 1.01814792885004, 0.685617983997961, 0.782440640161189, 0.675988097824458, 0.585265815840639, 0.607632274093994, 0.683572655594317, 0.944778491288297, 0.883275389614093, 0.95946014029036, 0.894283814129689, 0.91159104684394, 0.869213633489772, 0.854331307397986, 0.865153711135321, 0.937773758527458, 0.959640083960536, 0.927169475370601, 0.951859853602933, 1.00224471824426, 0.983724353495229, 0.961912072136347, 0.951571152248208, 0.921871484450032, 0.972208469511215
Series 49, 0.553508461491924, 1.01259496737623, 0.955821002879323, 0.742199708351794, 0.834161607670621, 1.11839960501115, 1.20131081642963, 1.14531856018275, 1.15115852242359, 1.19535438304471, 1.22973042471412, 1.13020838895574, 1.06437738534229, 1.05768467654886, 1.05758459213462, 1.06072766367902, 1.14706196935223, 1.09241752741791, 1.04010417249326, 1.02753536421425, 1.02168315580828, 1.02698439109386, 1.08926323771135, 1.10534357260686, 1.21601113596672, 1.28871304144542, 1.26230221317135, 1.30020028237545, 1.30294900242463, 1.28356812060522, 1.26691257599241, 1.22777339007233, 1.25242715836335
Series 50, 2.30775415957573, 1.16804338921401, 1.19441170082496, 1.37931947013179, 1.21124010181771, 1.5396360038576, 1.50743560727395, 1.32505771340065, 1.43155699847511, 1.29737865688777, 1.42839181668381, 1.34298598897858, 1.28724701081195, 1.2104224504638, 1.13764805042313, 1.19873548335809, 1.14821009840291, 1.08649492894536, 1.11221739375003, 1.0909693307413, 1.07259611762244, 1.04990577663493, 1.11749435476028, 1.12712489124877, 1.09956720610624, 1.1116573700279, 1.1066664445193, 1.08659032579458, 1.06179885746951, 1.11252372347332, 1.16244441596038
Series 51, 0.327461048131926, 0.394253139766372, 0.379344706035779, 0.809676991941981, 0.964820026631181, 0.886430816814422, 0.998143390403419, 1.21580693994654, 1.18903622597903, 1.19105779606217, 1.16214247014102, 1.12487833405553, 1.04395841871023, 1.02972113881652, 0.992178941734496, 0.997532837522407, 0.962610980502061, 0.913188893661023, 0.963931190776322, 0.919542446340197, 0.890025704856739, 0.867139297668856, 0.843276572023011, 0.835197375190603, 0.909042446178706, 0.904068538065833, 0.911252403399502, 0.892204802667439, 0.957201306873729
Series 52, 0.610675711062906, 0.427580060435491, 1.26253124433045, 1.46757767294962, 1.31346652204917, 1.52858115609921, 1.47908178908469, 1.46181198335747, 1.38397534201983, 1.27842236367974, 1.19570381831793, 1.12472226235853, 1.18092770630479, 1.1326350492757, 1.08422321880136, 1.025975630713, 0.998627583967994, 1.00491712599695, 1.03709409658159, 1.06790322958126, 1.05084293554021, 1.05869536128975, 1.0643585531529, 1.11009478302561, 1.07685830853416, 1.10104713335186, 1.08278102401107
Series 53, 0.405253602068777, 0.512488071549942, 0.37508692130823, 0.444213658797262, 0.504906301490746, 0.657119381440571, 0.681697465737912, 0.742200885714823, 0.760649848319769, 1.16929200460606, 1.11788891442704, 1.03267181727475, 1.0670984146475, 1.16314884419278, 1.1872187181031, 1.13682464479964, 1.19191339304145, 1.14564473461011, 1.09495365102778, 1.05419167293491, 1.10721523604486, 1.1148919202514, 1.17771836391138, 1.13874600536435, 1.15485684867558, 1.16232756636368
Series 54, 1.15771679977347, 1.75560968551587, 1.19549702461851, 0.939597369823368, 0.785623444738728, 0.769243789970891, 0.723126908355961, 0.702819700464962, 0.735107732772438, 0.734754579531493, 0.837314934407157, 0.820736566616621, 0.897137045271677, 0.835094328889318, 0.819257543277189, 0.881210792495312, 0.864139599324811, 0.833018503766263, 0.805412725580791, 0.770299870287613, 0.779109324488087, 0.759101748134591, 0.73195791296523, 0.709830313473533, 0.701090087304373, 0.727884244772307, 0.722046170650221, 0.715270112687746, 0.700603786249227
Series 55, 0.678859683699667, 1.0287208334424, 0.934857564376492, 0.803070362484016, 0.92642289045508, 0.868172577294442, 1.02709790071976, 1.01972361093506, 0.95103802560874, 0.934664677843514, 0.958374579158972, 0.879710287949537, 0.812812840310825, 0.904689551901096, 0.854509618705698, 0.833930949436214, 0.855832658904868, 0.876483304369469, 0.87797316599151, 0.884445039851897, 0.859655944251914, 0.865688733198582, 0.837119657940922, 0.841911992278056, 0.832453530508052
Series 56, 0.189536845436448, 0.856395391854044, 0.597297856246269, 0.508115112277597, 0.684791823590316, 0.799505233137703, 0.755235106456719, 0.668517449266802, 0.696606485469318, 0.65871985939726, 0.626284599401736, 0.689512811969941, 0.662494976924127, 0.626607152983236, 0.636590512306219, 0.640967852840636, 0.884835702298951, 0.872899731655998, 0.831687879000197, 0.831048711976854, 0.83544196185951, 0.817817646415536, 0.792506966051101, 0.823718562194376, 0.882593372033255, 0.882042417845165, 0.91378726197269
Series 57, 0.102245266439264, 0.567798095912555, 0.559435472082637, 1.0986210736689, 0.884857213620997, 0.868620123232164, 1.05675257186835, 1.03662982231185, 1.11075190890191, 1.07727393715212, 1.05670261017818, 1.0551046005515, 0.980414540469585, 0.985724642537876, 1.13673744563309, 1.12230811236107, 1.12629966805365, 1.13074481982769, 1.12145101641989, 1.08706252800981, 1.13395690781907, 1.17049502390833, 1.14803864107692, 1.10321558558941, 1.07383066309791, 1.06283985914218, 1.043912746259
Series 58, 0.252392357230606, 0.137721374623844, 0.930905730883269, 1.04821849273051, 0.909472186827963, 0.881048915054022, 0.845168041241566, 0.760688696620568, 0.702749907906843, 0.852045200310286, 1.11285883896202, 1.11276323875707, 1.1280622326377, 1.10154634380395, 1.1091393432299, 1.10184075209389, 1.14863356770394, 1.11307116198243, 1.06377975913765, 1.04824028575459, 1.06172907460301, 1.05236919796968, 1.16679081622986, 1.17216677184542, 1.21368900929388
Series 59, 2.58919976361258, 1.51849869890585, 1.19976486604649, 0.953090737843886, 0.850103954511017, 1.05372089211326, 0.991164363551614, 0.980761116137215, 0.997637796077929, 0.992281996685994, 0.973332630222533, 0.991062361266729, 0.936278248005254, 0.894939952909722, 0.976846078753232, 0.935476978118897, 1.00967263600524, 1.02684441923937, 1.03050214887235, 1.05593719093961, 1.01994256648449, 1.00265802376216, 0.99519604504701, 0.96024427755059, 0.929099187824518
Series 60, 1.17093257075218, 1.60340874514484, 1.11650621868492, 0.893156312485416, 1.04453941665332, 1.10413512464103, 1.00259486111344, 0.945257753055162, 0.932306949764506, 0.970755090445977, 0.957718707654204, 0.921694735791736, 1.04800444539645, 1.04646469626337, 1.00917145896955, 0.965051936188974, 0.927610148523983, 0.905825317321046, 0.874299793965784, 0.880186795224104, 0.866514006556486, 0.858044853020318, 0.837903862792998, 0.897456681993432, 0.869315360427802, 0.839754306662347, 0.821552035887622, 0.832533052495974, 0.887604253953321, 0.88041379503999, 0.878344782007659, 0.877419497729896, 0.865400366227027, 0.843495134739261, 0.823192914571823
Series 61, 0.388223865168412, 0.328167577436955, 0.417028710525368, 0.46598035779199, 1.12194986358594, 1.45111062865041, 1.38748446539689, 1.24683300200532, 1.36671399731644, 1.62799408154745, 1.70048041817037, 1.6047448329867, 1.50612782484616, 1.43416973185987, 1.38038654560814, 1.29924924162911, 1.22451070223636, 1.21368435747695, 1.1666488611988, 1.11295231189073, 1.11864631144354, 1.10858575511492, 1.08195155897389, 1.11302846130449, 1.07597961125978, 1.08283825258715, 1.0801854592483, 1.10237330019881, 1.08465289590205
Series 62, 2.76388145509424, 1.65316232557685, 1.46633127969621, 1.11503609969122, 1.1041613814238, 1.14369724023197, 1.09154827420206, 0.98101542201545, 1.003861715424, 1.01290807240307, 0.969703912797591, 0.928277787119307, 1.0789356524662, 1.19436705200365, 1.19007086465305, 1.12696317415689, 1.06598312165811, 1.01175366234001, 1.01486104585683, 0.989588896481098, 0.997222126640055, 1.02086030467658, 1.04127443897572, 1.19357349796234, 1.14959340562096, 1.11414096175713, 1.11366813666963, 1.08527219444068, 1.05105927551322, 1.01825535984912, 1.00520169731641, 0.976046010013208, 0.950915834586057, 0.954342770684361, 0.984331479452669, 0.979633192857869, 0.976008652989846
Series 63, 0.241245890492137, 0.566024296905712, 0.427064385558796, 1.02432923686345, 1.03921824315543, 1.01025582251233, 0.93864757817108, 0.864102077347607, 0.838850146175816, 0.762579782493812, 0.703752630562829, 0.704698236307558, 0.674995052250288, 0.692396965745716, 0.675573592254834, 0.797737938382935, 0.807959200031099, 0.790258602464843, 0.789739107530093, 0.818673957883071, 0.848205894475736, 0.839419283236966, 0.87558150348474, 0.940940761377144, 0.957983762249403, 0.950460656986471, 0.923289283101422, 0.994837890045812
Series 64, 0.21862068172148, 0.32180370692159, 0.378458518257734, 0.565822883172578, 1.11498432287034, 0.944160502411409, 1.12748647762948, 1.00957780101394, 0.936294281432976, 0.859013699979072, 0.962999900553567, 0.910094136583753, 1.0325273783409, 1.01142663498688, 0.945153635787689, 0.943291724734983, 0.890789323118784, 0.962202488570384, 0.995631961729274, 0.958361067860326, 0.939920574644207, 0.903894543077359, 0.885357622749572, 0.877417601522054, 0.987449445985404, 1.0410966125399, 1.04850191531621, 1.01605080212744
Series 65, 1.3648365529328, 1.21988375670092, 0.85514684165663, 0.987212119794743, 1.3387014953787, 1.39684636219624, 1.23219835079805, 1.12122900178199, 1.0018576493792, 1.01254550764688, 0.927453489171759, 0.856757418478402, 0.900158881054889, 0.853818602371231, 0.935678085691839, 0.899161262032123, 0.862511566546825, 0.880562297694475, 1.08789584631999, 1.04747329457374, 1.05745849808794, 1.04841986642393, 1.25424110858304, 1.23358634911799, 1.19613185812116, 1.19353977155539, 1.20503036702237, 1.21537736975028, 1.18850635097623, 1.16756627485016, 1.13237473537687
Series 66, 0.85544237271404, 1.11044755918389, 0.870971541303368, 1.27141068835617, 1.61711100651839, 1.53471356643686, 1.44334913259936, 1.2923175912553, 1.15256809589363, 1.09720228478722, 1.00352555488526, 1.02321966573537, 1.11481615330388, 1.10446062083697, 1.03927071282857, 0.98252106297667, 0.93278490237477, 1.17293206895506, 1.15529845546729, 1.11436184793778, 1.09119034717269, 1.05908997012876, 1.1011505595309, 1.06556960834736, 1.02847576653598, 1.01083174586869, 1.00399338365397, 1.06491848869987, 1.04415204382567, 1.01448202196255, 1.00899475842643, 1.01904323552439, 0.993487156546591, 1.00204033504916, 0.978900609126394, 0.965462768182464, 0.979165196212544, 0.956094377320098, 0.992924707293772, 0.97894909076848, 0.961852749773972, 0.951193508311597, 0.957660905040403
Series 67, 0.61743831685155, 0.614512859990802, 0.652714707326641, 0.538392628493623, 0.581985472238835, 0.515575383696813, 0.530748889239198, 0.494839046597611, 0.488454977170101, 0.533544471943827, 0.52848380240402, 0.690870431825181, 0.681090689929919, 0.732809247251294, 0.900098696695656, 0.99724014973477, 0.995896389749555, 0.989137508551384, 1.02040823222201, 1.0469297824119, 1.04725746267054, 1.20452190124787, 1.15566987429775, 1.20092593665967, 1.19667237456662, 1.19323439752693, 1.16842330092554, 1.14943935513539, 1.21471397514328, 1.18050357541224
Series 68, 0.223684084982762, 0.139489242549967, 1.81904229577588, 1.745325528937, 1.52272506898189, 1.37811125087655, 1.29764862252018, 1.18435036637431, 1.26692027338457, 1.18739130996639, 1.11199068154724, 1.08905622262647, 1.03161722820122, 1.02368022863571, 0.969194900104279, 0.945401181917364, 0.912833468331958, 0.864593874808652, 0.828761034389045, 0.823091276614115, 0.900741659348499, 0.890006380991859, 0.87724564738837, 0.875182473110515, 0.862348900759351, 0.954700019893843, 0.953136496004278, 0.919958731893507, 0.910225636356137, 0.930744577708011, 0.910460010802995, 0.990238213295539, 1.07953117846844, 1.05012845145245, 1.02320582366073, 1.00309852278465, 0.97755057916715, 0.978114090291694
Series 69, 4.21447575341073, 2.64318583752634, 2.69539463451454, 2.30088807199426, 1.89088942479439, 1.8758049737438, 1.91648135984887, 1.71541525870368, 1.7203906805412, 1.55639536762853, 1.4384333838551, 1.51949602017324, 1.54605850950215, 1.44279596296162, 1.40321951838516, 1.35392172602039, 1.27582345493302, 1.23574115801256, 1.19682423621425, 1.18712844167968, 1.15362714218422, 1.12865195597071, 1.184712364796, 1.23695073530815, 1.2202302350573, 1.20954672083775, 1.20055142580286, 1.20274155249613
Series 70, 1.03631281785567, 1.55800842069844, 1.34664202661902, 1.3677502052862, 1.40029706275011, 1.27305745858961, 1.13274144215399, 0.994970512959134, 1.13013040946384, 1.07064639436106, 1.02557256992825, 1.05667358198752, 1.05037987805942, 0.982058001441786, 0.928182100003773, 0.876607366093739, 0.832941136548812, 0.853108279092721, 0.842069880117898, 0.809631257770218, 0.783878408698095, 0.762292592517876, 0.797992009604763, 0.845788112430576, 0.819607751092045, 0.810072223274329, 0.820270742012807, 0.839001129628494, 0.881688890514336
Series 71, 0.616513900536687, 0.459178756980021, 0.600579571014687, 1.5302369482646, 1.29202388498392, 1.21657757159542, 1.09492049898945, 1.04815195135333, 1.00837854719388, 1.0176753387317, 1.05213426704976, 1.00415386474006, 1.04425528920643, 0.991438163569265, 0.938370386430806, 0.968412471938755, 0.939308187544146, 0.91512731885121, 0.896183877791646, 0.867789087639553, 0.89295046886304, 0.853759121848654, 0.879318025943172, 0.908056520923305, 0.877715102095984, 0.86522066580274, 0.897651954946299, 0.878531252384113, 0.933904037677068
Series 72, 0.392670766068101, 0.365282731914336, 0.468732407748913, 0.359746251874329, 0.488354159757283, 0.718496507259219, 0.654293654720818, 0.656847604685693, 0.654032435251445, 0.637513383659906, 0.581720058876586, 0.548263640254377, 0.661264796108168, 0.698634607538234, 0.701134988563852, 0.695760131232691, 0.734788097675513, 0.749481081192849, 0.77124765665602, 0.761401489471495, 0.752438404768393, 0.742733138523466, 0.710821696616045, 0.714838547224812, 0.695286035086799, 0.699615654788611
Series 73, 4.21292773471815, 2.87046665909672, 2.16796021205592, 1.64833279641558, 1.68656566392965, 1.42772468627039, 1.52565691695215, 1.4849887425557, 1.34051411543593, 1.40211779040611, 1.43486221890419, 1.32444019691429, 1.30615786576332, 1.28997430514194, 1.24171955905733, 1.20585472002498, 1.14731357715266, 1.1056644938721, 1.10588586768083, 1.06339969902766, 1.13708258192296, 1.11726865941219, 1.1010132340099, 1.14005871534969, 1.13103790618435, 1.17742877703974, 1.16276746068747
Series 74, 1.49306192933544, 1.08912920958882, 2.02331814780942, 1.64334684165601, 1.35809159506308, 1.29319813454937, 1.10956412369844, 1.35127962501865, 1.37534384145698, 1.32289851456809, 1.29180801102862, 1.41720300166721, 1.38731761242579, 1.35318344281767, 1.28482473721349, 1.38708614506931, 1.38393176605858, 1.34730287636905, 1.3214997573485, 1.31432956354557, 1.27736006875313, 1.25969882495987, 1.21194458125096, 1.17144605370144, 1.12544819017663, 1.10522775046997, 1.15461326328457, 1.14719905525105, 1.19206747018563, 1.23825251260776, 1.20764266241925, 1.18326699581804, 1.21451976492502, 1.20387910531787
Series 75, 0.244362116748871, 0.521721633611896, 0.396858149579087, 0.578817712915357, 0.505285161644125, 0.651821376486631, 0.575560062016714, 0.577986964897586, 0.553348670739865, 0.63688184295527, 0.606518318997676, 0.586898930491262, 0.553237778998477, 0.519206265662333, 0.581269338027142, 0.56779752085811, 0.553077654766002, 0.543779843070042, 0.521051006004479, 0.50134241033097, 0.494837198181589, 0.508585664742627, 0.59537884878675, 0.606811822724591, 0.636175420001475, 0.623557523558472, 0.657801306051865, 0.689074888225142, 0.775243376355196, 0.77841690450193, 0.838337079307867, 0.835605861592149, 0.835099851041294, 0.811181506051268, 0.863522770622619, 0.844721001587863, 0.824618747629854
Series 76, 0.866488366662384, 1.76453959588414, 1.44668389142853, 2.00893352712647, 1.64440563015339, 1.42578776033218, 1.63461263407238, 1.77404585417761, 1.76209423716961, 1.91411345314688, 1.82199806376825, 1.74499788334139, 1.62110472322352, 1.66920740210232, 1.58881097422575, 1.50365191256869, 1.42687575894451, 1.41459261727467, 1.37118274878491, 1.35139623921799, 1.41885034075792, 1.35834202953231, 1.46679913633028, 1.43321436651502, 1.3911098941069, 1.33871256715853, 1.33278362901068, 1.33341401478056, 1.36929707007631, 1.36530788997913, 1.33126934402738
Series 77, 1.67462274289914, 0.897943751647121, 0.622797035507475, 0.517715513053937, 0.471837144428059, 0.415922531768647, 0.511197802686312, 0.702250455984219, 0.720872838640177, 0.687623530527343, 0.67256672679065, 0.942845653447635, 0.945403034091826, 0.988362669832166, 0.926598799675707, 0.948521913182378, 0.928472395104825, 0.967230611681571, 0.929696056352758, 0.893671664459295, 0.859925617518937, 0.833351693828706, 0.869226227391996, 0.833443850185413, 0.80074707448325, 0.790562266146919, 0.807793244734142, 0.781706071376147, 0.761299200745129
Series 78, 0.936571941705116, 1.24240614282243, 0.874549813258275, 0.822897430921894, 0.798214959170074, 0.741080159808488, 0.655328134910043, 0.603304055542376, 0.684752595139618, 0.659724650664669, 0.704931335116291, 0.831824464183259, 0.85218433823901, 0.83578371491664, 0.834435906908048, 0.964212065414139, 0.976968896521256, 0.947286413900665, 0.940542122855652, 0.975796065624613, 0.930071005967261, 0.936857041640349, 0.925324027646937, 1.00022130810733, 1.0096440804323, 0.989653786210126, 0.965382777228669, 0.933765430762864, 0.975320811172672, 0.94537780232623, 0.918871822804578, 0.97241476767707
Series 79, 0.374425256535868, 1.53415146463742, 1.53627872145289, 1.39770806327772, 1.59933173534023, 1.51257804994316, 1.61480011162526, 1.57601054445761, 1.5714713663026, 1.64673891197723, 1.52370995960814, 1.60295507403633, 1.55216573486488, 1.49619209678051, 1.46143947801981, 1.47444421121472, 1.39378721189011, 1.3378208213747, 1.29882296212451, 1.30505184602527, 1.46814277356948, 1.40625559559856, 1.41687478196881, 1.36976120165275, 1.32874081407307, 1.4304440346317, 1.42803925061634
Series 80, 0.224531186408929, 0.215712285116041, 0.178755900553027, 0.526417184115296, 0.555502258360051, 0.893413038075935, 0.798270307109638, 0.941276112471404, 0.997788453350612, 1.14604128676069, 1.21473574771585, 1.33782716666358, 1.38190757450873, 1.36642009796396, 1.39097988190996, 1.34474128524765, 1.33396945363078, 1.32687381586465, 1.26872736446637, 1.24125105983365, 1.28059139816653, 1.42091717351893, 1.44464440197785, 1.40310960045669, 1.4020159516672, 1.3951635704992, 1.34582192775211, 1.32553327484041, 1.34974970866411, 1.32256606985275, 1.37640321771679, 1.35481298190064, 1.33004486295605, 1.3364920206606
Series 81, 0.647570903149356, 0.451176732761548, 1.06759178156664, 0.925447327083857, 0.864005379698231, 0.833273317295748, 1.22200111873954, 1.07823192882635, 0.997792683590993, 0.942064894501839, 0.938670998687198, 0.93402101621729, 0.929236009499873, 0.905381693208944, 0.928276823482631, 0.902222194074087, 0.886347426380151, 0.841297003120852, 0.89464959111876, 1.00982600938554, 0.979870795121017, 0.947584400981921, 0.96058218595553, 0.948132213119746, 0.928023786571849, 0.952044549078882, 0.989007080814012, 0.957533287155702, 0.951118691302924, 1.00613182920522, 1.02247070294419, 0.99623375872648, 0.974705508472971, 0.962420306156864, 0.945342657151052, 0.926344374201644, 0.952869202755955
Series 82, 3.86615375895327, 2.28279466363869, 1.77001589396543, 1.39816227676309, 1.14008808575627, 1.01130684057461, 0.90344879335803, 1.05030317171026, 0.954302154243069, 1.03439103719029, 0.985336907070714, 0.960311126820296, 0.998978158018908, 0.993923458275319, 1.00151560298485, 0.951409849548126, 0.976443870668663, 0.959608019965216, 1.02126829006028, 0.986023370673809, 0.974261214653436, 0.99999737603209, 0.964573728881489, 0.969661260919858, 1.03675508161031, 1.00553140142719, 1.01081039935186, 1.06720906868312, 1.10269570342197, 1.07807521489576, 1.04935328341755
Series 83, 2.64337987946885, 1.33535176903878, 1.11373756919825, 0.900829785000181, 0.777192739327667, 0.940735804979762, 0.952121021959463, 1.04276885303217, 0.928729729212432, 1.24467573089787, 1.15848403888391, 1.09683310168482, 1.03287893698028, 0.961744191612318, 0.898507039632941, 0.852448304321033, 0.883048738765157, 0.899188702982321, 0.856772735402054, 0.850869928852443, 0.893558714329096, 0.868008150431653, 0.833012154084091, 0.841095547510125, 0.821620296160355, 0.805634240383343, 0.791163372596078, 0.794924820345211, 0.769177349794957, 0.760911849113262
Series 84, 0.124792940755568, 0.250155004793719, 0.192366775310832, 0.355488817070048, 0.30279458489744, 0.482479509451616, 0.820486061237286, 0.728967150895532, 0.732813414988204, 0.985944987925333, 0.904659702492082, 0.842586342413886, 0.880595193584411, 0.832731457063605, 0.78097539940307, 0.791450633050345, 0.789241319023072, 0.805657257541017, 0.77875535159775, 0.79000882457252, 0.761188603812259, 0.826056299972607, 0.806849413165168, 0.773836779457982, 0.804046319489022, 0.843931621217702, 0.826357290513958, 0.818648630928823, 0.867119390553759, 0.875378949387813, 0.884336281455631, 0.895988522904493, 0.882740063636963, 0.911868375136207
Series 85, 1.08163001739254, 0.616350867269647, 0.901410177693629, 0.928112236856521, 1.39765580445946, 1.21798760804433, 1.56105535639663, 1.45766040040944, 1.33353979459427, 1.41807704140346, 1.45603683260097, 1.38028929256688, 1.29836324180617, 1.22351423739332, 1.16250294264042, 1.18546969721901, 1.13768573060431, 1.11952249327733, 1.14036531903292, 1.08856004378091, 1.07552442154815, 1.03151998518805, 1.01239406997983, 0.991178452672588, 1.04851900017185, 1.01312222949172, 0.991984549264772, 0.972951325694598
Series 86, 0.44351982207786, 0.32058879482669, 0.782960051806632, 0.69166756539383, 0.875998072804207, 0.808240798897327, 0.776657157463466, 0.694300899572004, 0.625940840929783, 0.620634951564048, 0.613816422917665, 0.578950223962634, 0.565955456235954, 0.618884196903327, 0.747088375368795, 0.792028894551095, 0.890015542773939, 0.852324043281347, 0.841916352011679, 0.965932152877015, 0.945042903048919, 0.952013481834041, 0.91771643253053, 0.924952639813369, 0.89304841080859, 0.884179063267351, 0.85759479485023, 0.830772226955412, 0.864210444847956
Series 87, 0.312442161052579, 0.510713728819845, 0.367895543993402, 0.565076426087419, 0.459884378558, 0.496223770408556, 0.502487221081117, 0.551659088173859, 0.644407469250906, 0.636763356814668, 0.645915100099609, 0.649519117815148, 0.648378183710268, 0.658936104394828, 0.690850746721952, 0.808233148453241, 0.781025072799131, 0.742074356133004, 0.80698350166648, 0.788538789895854, 0.826038169464118, 0.858709284423557, 0.834815927359338, 0.882224882404295, 0.916110494681057, 0.92923436878979, 1.00069503854877, 0.981225375547808
Series 88, 0.323568022966267, 0.867372006403382, 0.595522149959807, 0.539523723529422, 0.531094002652454, 0.651739383493991, 0.748301231719399, 0.820016360644626, 0.744684439148056, 0.769527664234542, 0.726015440588314, 0.668718943558754, 0.738239038310208, 0.700425872251247, 0.76675909709562, 0.796685469006627, 0.938808188552778, 0.921808333733205, 0.999018819857012, 0.981339863184006, 0.962546078749566, 0.919028891889681, 0.916448349213517, 0.921385629967603, 0.892198209803792, 0.902939227099163, 0.931355210087224, 0.90496247973336, 0.905343278347845, 0.878844179421858, 0.88977512345409, 0.88162183942329, 0.862150709759947, 0.844917940169044, 0.82450508723624, 0.825074033479683
Series 89, 0.611550304567493, 0.826253418172668, 0.65156523816053, 0.879713325667112, 0.716285053553945, 0.928981368037193, 0.897423158168161, 0.834407760112164, 0.753046764504211, 0.682314045055219, 0.689144465704112, 0.715779103579947, 0.717718508121992, 0.75922076681125, 0.833481757944041, 0.826637943527553, 0.809424175893857, 0.804552641329966, 0.784437091743024, 0.867279728984693, 0.862820485169888, 0.85842864130839, 0.879519271809998, 0.851532390664573, 0.81936599147252, 0.813344959404476, 0.798146737842259
Series 90, 0.920988799182366, 0.551118902753173, 1.5072176744422, 1.43488780855228, 1.15556135322474, 1.42218665461678, 1.23586217643982, 1.17005727825985, 1.06649839095617, 1.13791800325367, 1.15960341219223, 1.12428279830047, 1.08234608226506, 1.06780476264941, 1.03205664249855, 0.989360766044372, 0.958728225400197, 0.935131156533518, 0.924445253504977, 0.941262771690133, 1.03127188779224, 1.00956132455142, 1.02285116065422, 0.980911901297767, 0.995575617350174, 1.01534557024483, 1.04920158252433, 1.05831785870336, 1.02272795687933
Series 91, 2.18155273310909, 1.45707749725225, 1.78851508563132, 1.53724516879824, 1.43477822910808, 1.60527597245454, 1.7919119884356, 1.67764978889511, 1.55276952925364, 1.4975543858455, 1.56497529588055, 1.48114834348822, 1.44842242463617, 1.36340763642158, 1.33401418141138, 1.33188659420059, 1.35600577332662, 1.30030402159979, 1.30600750575622, 1.33458352960533, 1.38641433333107, 1.35033448403289, 1.33150453164026, 1.28050177107372, 1.30889595332729, 1.32669952080952, 1.3250088396738, 1.31132312216121, 1.27809473915991
Series 92, 2.74578599005986, 1.48077895192325, 1.45270584566318, 1.28717270694216, 1.25345347994391, 1.08194479299366, 0.952014949056455, 1.22906889029978, 1.12226333949543, 1.02852315833542, 0.937844959667635, 0.881628378268818, 0.922412591564784, 1.04074875908963, 1.08070409147711, 1.07723236794271, 1.05304923857556, 1.02774494525446, 0.993960266215075, 0.990802193254509, 0.996097697565463, 0.98326876176831, 0.973841641222857, 0.933742205158603, 0.922546056573589, 0.960219331639542
Series 93, 0.660204587801597, 2.42480590672731, 1.92131572400874, 1.63296157472383, 1.35041693406508, 1.17955666115869, 1.03684348464492, 0.941729403755767, 0.847504545651574, 1.03372556006014, 1.00822202241699, 0.949195765607775, 0.913205624247309, 0.934523731515666, 0.875513969143969, 0.823571600153676, 0.981245651872595, 1.07208478863567, 1.06598806965092, 1.06497150015724, 1.0293563742929, 1.04433093107954, 1.04283013334785, 1.02076552231924, 1.0557318164923, 1.02177397944295, 1.04726806231315, 1.03384816902006, 1.00701372406855, 1.02086394257788
Series 94, 0.387002242355142, 0.583598757979758, 1.27217546830445, 1.30212047647948, 1.0461638981466, 0.981565885782549, 0.886262937599685, 1.05120660037996, 0.973332083352555, 0.972295258746869, 0.972530773177949, 1.01470253781897, 1.00711895927232, 0.995244645303388, 0.960342355080347, 0.973846667244764, 1.04379890996354, 1.0781062488552, 1.06851853534183, 1.04700484235357, 1.04909454722127, 1.03170268681648, 1.09797802339267, 1.06219575748119, 1.04498537075477
Series 95, 0.263141619095554, 0.808400638414342, 1.24868939220268, 1.33634518857995, 1.20846114708489, 1.2949134850361, 1.31239722661424, 1.19268013793322, 1.13815872782575, 1.1283207833154, 1.07500479434638, 1.11493318812174, 1.05906809053334, 1.02933094650132, 1.03767198191215, 1.04683578050127, 0.993703747089484, 0.955933897454051, 0.908183248181633, 0.889162452086384, 0.853364786450782, 0.838613256206501, 0.803841780035302, 0.789081229792156, 0.787860416143728
Series 96, 1.4374828786108, 0.865465057359198, 1.15400427526142, 0.94845918619862, 1.36969476240824, 1.22873873116339, 1.22776578887988, 1.13055699147974, 1.02325281926646, 1.00553783416756, 0.961385964968985, 0.921325455683139, 0.958552065399524, 0.944344138504653, 0.922327877273746, 1.08103171328333, 1.11913925636762, 1.16214230495485, 1.11377715373413, 1.08381492296238, 1.03651788279026, 1.07768321895998, 1.09723860317175, 1.06099661726229, 1.03019864412402
Series 97, 2.01491075858585, 1.5245850472226, 1.86190380890627, 1.43803663448709, 1.43837795412569, 1.51481018317164, 2.18124115538599, 1.96755274922793, 1.86037796935343, 1.68245687873132, 1.58631717448953, 1.59212505830712, 1.48264940547547, 1.46406205217514, 1.42381646258823, 1.34898043053354, 1.31535967893027, 1.33299792919724, 1.28126880184766, 1.38193021869146, 1.35416705031862, 1.35668137185005, 1.31093439016329
Series 98, 1.47068845095326, 1.25996386764795, 0.997642554225309, 0.83850476182592, 0.685835478112272, 0.657161113237724, 0.887033990055821, 0.845732338206028, 1.01519224406464, 1.12301224067882, 1.10602667080833, 1.02929004011773, 1.02765127273332, 1.06547336062119, 1.01808479395513, 1.04513300611993, 0.999192527983968, 1.01088571417783, 0.958453641936904, 0.934018431802703, 0.903643599964004, 0.864106228354366, 0.947800741841804, 0.945537908689456, 0.949897678412156, 1.04957131009774, 1.06150928572687
Series 99, 0.304792301987356, 1.13147485417433, 1.6698023768176, 1.30671091780752, 1.18607570230895, 1.35136317752619, 1.32328537528442, 1.39721915383252, 1.39196806067143, 1.52748520275026, 1.44750760702972, 1.48373158887013, 1.54438847745289, 1.57798830580002, 1.54462168869049, 1.4801834058092, 1.55371552409835, 1.48215732075004, 1.45779830199046, 1.42511250140955, 1.37854827363459, 1.34549150835192, 1.2959813983145, 1.25155975708122, 1.27690433742145, 1.35422593156566, 1.35913644544775, 1.35944794389721, 1.35671636095109, 1.31281673393369, 1.27902356763943, 1.26100117438479, 1.26716002592229, 1.31953638611828, 1.28468473869953, 1.25782616684225
Series 100, 0.451084440012931, 1.90869500663477, 1.30183202387268, 1.0575331012744, 1.020149267405, 0.944799625148834, 1.03171089007894, 0.98096075886426, 0.991309106022153, 1.2031925044657, 1.17767368427775, 1.08092342413853, 1.00472836072605, 1.091572182742, 1.10982770720754, 1.11341948422766, 1.06410622900468, 1.08516334190463, 1.03527534688136, 1.00376069561938, 0.9919364453999, 0.991593413495682, 0.996690606935001, 0.969198509815433, 1.07142464418736, 1.07710751047864, 1.07056694685298

